{
    "dimensions": [
        " ",
        "----- Portrait 9:16 -----",
        " ",
        "576 x 1024 (Portrait 9:16)",
        "720 x 1280 (Portrait 9:16)",
        "864 x 1536 (Portrait 9:16)",
        " ",
        "----- Portrait 2:3 -----",
        " ",
        "512 x 768 (Portrait 2:3)",
        "640 x 960 (Portrait 2:3)",
        "768 x 1152 (Portrait 2:3)",
        "1024 x 1536 (Portrait 2:3)",
        " ",
        "----- Portrait 3:4 -----",
        " ",
        "512 x 682 (Portrait 3:4)",
        "768 x 1024 (Portrait 3:4)",
        "960 x 1280 (Portrait 3:4)",
        " ",
        "----- Square 1:1 -----",
        " ",
        "512 x 512 (Square 1:1)",
        "768 x 768 (Square 1:1)",
        "1024 x 1024 (Square 1:1)",
        " ",
        "----- Landscape 4:3 -----",
        " ",
        "682 x 512 (Landscape 4:3)",
        "1024 x 768 (Landscape 4:3)",
        "1280 x 960 (Landscape 4:3)",
        " ",
        "----- Landscape 3:2 -----",
        " ",
        "768 x 512 (Landscape 3:2)",
        "960 x 640 (Landscape 3:2)",
        "1152 x 768 (Landscape 3:2)",
        "1536 x 1024 (Landscape 3:2)",
        " ",
        "----- Landscape 16:9 -----",
        " ",
        "912 x 512 (Landscape 16:9)",
        "1024 x 576 (Landscape 16:9)",
        "1280 x 720 (Landscape 16:9)",
        "1536 x 864 (Landscape 16:9)"
    ],
    "default": "1024 x 1024 (Square 1:1)"
}